82.459999
84.860001
85.57
85.129997
84.769997
86.779999
86.550003
88.25
88.580002
89.540001
87.989998
86.699997
86.5
87.419998
88.169998
87.889999
90.080002
90.300003
91.75
91.150002
92.059998
91.400002
89.349998
89.099998
87.68
88.949997
89.849998
91
91.330002
89.330002
89.440002
89.709999
89.150002
91.580002
93.239998
93.25
93.389999
92.739998
93.709999
94.779999
95.989998
96.18
97.239998
95.18
97.720001
96.5
96.089996
95.870003
95.989998
97.010002
98.339996
98.709999
99.169998
96.5
93.040001
89.910004
90.099998
92.730003
93.800003
93.459999
91.879997
90.410004
86.860001
89.269997
89.419998
90.25
91.169998
90.349998
92.290001
91.769997
91.300003
91.110001
91.660004
93.269997
92.559998
90.620003
90.25
90.269997
89.220001
87.220001
87.269997
87.690002
85.809998
86.650002
83.989998
84.580002
86.269997
86.629997
85.82
87.239998
87.419998
86.989998
85.389999
85.199997
87
89.099998
89.389999
90.900002
91.959999
90.980003
91.230003
89.360001
89.139999
86.510002
87.449997
87.959999
86.879997
86.650002
86.449997
89.059998
87.989998
85.550003
87.019997
85.599998
85.830002
87.010002
87.25
88.279999
88.419998
88.949997
87.089996
87.470001
87.419998
90.610001
91.470001
91.400002
92.660004
93.169998
92.059998
91.230003
90.860001
91.5
93.529999
95.160004
95.910004
96.169998
94.440002
94.220001
94.169998
95.120003
93.059998
90.57
91.330002
91.690002
91.730003
90.589996
89.519997
90.080002
89.57
88.139999
86.080002
86.639999
86.089996
84.43
81.129997
80.519997
81.559998
79.349998
77.629997
78.800003
80.43
80.059998
82.300003
81.080002
80.93
81.230003
81.360001
82.18
81.709999
79.199997
78.889999
78.389999
78.980003
78.860001
76.489998
74.220001
73.080002
75.550003
77.559998
76.790001
85.459999
82.800003
85.980003
89.18
88.32
86.709999
86.449997
86.639999
89.57
85.07
85.970001
82.330002
82.589996
84.279999
87.269997
89.419998
89.900002
83.220001
81.989998
82.199997
83.309998
79.290001
77.209999
78.5
76.029999
71.709999
70.650002
72.209999
72.18
73.790001
74
72.709999
71.339996
71.099998
75.480003
72.800003
72.220001
72.5
73.580002
72.050003
70
72.150002
73.300003
72.650002
72.510002
72.260002
73.449997
78.849998
80.910004
80.870003
80.379997
80.309998
75.650002
76.949997
76.18
75.5
74.519997
76.199997
76.330002
79.75
80.650002
80.809998
82.599998
84.459999
85.43
83.870003
82.629997
83.459999
82.629997
83.459999
85.599998
86.349998
85.900002
86.519997
86.230003
84.480003
85.129997
82.75
84.459999
83.919998
80.760002
80.879997
79.790001
80.389999
82.709999
84.519997
84.150002
84.580002
88.529999
88.949997
88.379997
87.419998
89.5
91.309998
88.839996
88.470001
89.18
90.120003
89.589996
88.32
90.209999
92.290001
93.169998
92.550003
95.449997
96.910004
95.769997
97.800003
97.730003
94.730003
93.150002
93.059998
92.629997
90.93
90.040001
88.989998
91.989998
92.290001
90.57
88.139999
89.220001
91.099998
91.300003
90.800003
90.040001
93.089996
94.349998
93.589996
92.080002
90.949997
91.980003
91.93
90.690002
89.980003
90.279999
91.029999
88.800003
87.589996
85.269997
86.739998
86.610001
86.309998
87.879997
87.370003
87.5
85.809998
85.220001
86.949997
86.889999
87.379997
88.800003
89.720001
89.010002
87.75
88.330002
87.269997
86.949997
88.639999
88.25
89.540001
89.440002
89.980003
89.690002
90.699997
91.089996
91.029999
91.550003
90.360001
90.959999
92.25
93.849998
94.150002
93.760002
93.449997
94.239998
96.199997
95.730003
96.360001
94.410004
96.230003
93.709999
93.559998
93.830002
93.860001
93.699997
92.169998
91.099998
91.93
92.349998
91.610001
91.900002
90.540001
90.919998
91.449997
92.309998
92.290001
92.040001
91.18
92.389999
91.25
90.760002
90.709999
89.269997
89.510002
89.580002
90.190002
90.809998
92.239998
91.980003
91.93
93.279999
93.129997
93.440002
93.260002
93.410004
93.709999
92.110001
91.199997
91.620003
93.349998
93.870003
94.68
94.779999
94.599998
93.75
92.93
92.790001
92.949997
93.720001
93
91.610001
92.059998
92.529999
92.269997
93.650002
92.339996
92.760002
92.790001
93.190002
93.870003
93.400002
93.900002
96.190002
97.459999
97.529999
97.43
97.080002
97.699997
98.779999
97.959999
98.900002
99.910004
99.339996
98.669998
98.360001
99.669998
98.830002
97.550003
97
97.050003
97.43
98.849998
97.889999
98.370003
99.82
102.279999
102.360001
103.639999
102.839996
103.559998
104.260002
104.18
102.860001
103.18
104.230003
103.419998
103.75
103.919998
103.489998
101.860001
101.849998
100.730003
102.690002
102.529999
103.949997
106.459999
107.099998
106.980003
107.43
108.190002
108.389999
109.599998
108.209999
109.739998
111.629997
111.970001
112.25
112.300003
112.940002
114.290001
114.730003
116.620003
115.059998
115.639999
117.379997
119.18
118.699997
113.75
113.110001
110.949997
110.839996
110.82
109.32
110.239998
110.209999
111.589996
107.339996
108.949997
106.949997
106.169998
106.550003
108.360001
108.550003
107.470001
106.93
107.309998
109.800003
109.699997
111.510002
110.82
111.370003
112.849998
110.489998
111.540001
112.029999
110.860001
111.519997
108.940002
107.370003
107.169998
107.480003
107.559998
106.529999
106.480003
105.959999
108.349998
109.129997
108.699997
104.370003
104.68
104.040001
105.410004
105.120003
107.129997
107.040001
109.620003
109.25
109.980003
109.470001
109.07
107.889999
107.360001
108.309998
109.43
109.43
111.019997
111.629997
110.830002
110.809998
109.879997
109.720001
108.470001
108.599998
107.949997
108.360001
110.400002
109.589996
110.339996
108.279999
107.75
108.32
106.300003
106.779999
108.589996
108.75
107.970001
108.949997
110.260002
110.889999
111.029999
112.489998
112.650002
113.639999
113.010002
112.690002
113.029999
113.650002
111.239998
111.150002
111.459999
112.309998
111.839996
113.190002
112.75
114.629997
114.309998
114.279999
115.360001
115.730003
114.870003
115.089996
118.489998
118.269997
117.57
120.660004
121.400002
120.559998
120.370003
119.360001
119.489998
116.629997
115.839996
115.220001
116.839996
117.360001
118.470001
118.690002
118.879997
119.910004
119.779999
117.959999
119.190002
121.489998
121
120.559998
118.970001
120.010002
119.599998
120.989998
120.330002
121.900002
122.830002
120.389999
121.449997
120.949997
121.300003
122.760002
121.089996
121.269997
121.68
117.040001
118.489998
116.510002
117.730003
117.209999
118.360001
117.339996
118.360001
118.300003
118.230003
116.669998
115.730003
116.650002
115.849998
116.860001
116.089996
115.519997
113.510002
113.779999
114.290001
115.489998
115.540001
115.989998
116.720001
116.980003
117.839996
117.400002
117.730003
117.339996
118.769997
118.739998
119.730003
119.75
120.220001
120.389999
119.970001
119.779999
120.360001
121.360001
120.959999
121.010002
120.910004
122.080002
121.690002
122.290001
121.860001
122.699997
122.709999
121.559998
121.730003
121.620003
124.019997
123.940002
124.629997
124.540001
124.870003
126.010002
126.199997
126.300003
126.690002
126.720001
127.849998
127.949997
127.910004
128.910004
128.460007
130.990005
131.809998
130.369995
131.660004
132.289993
131.960007
134.070007
134.75
133.679993
134.279999
130.110001
131.320007
129.470001
129.729996
130.850006
130.880005
129.520004
131.240005
132.619995
131.919998
132.490005
131.570007
136.029999
136.380005
137.779999
135.589996
137.240005
137.660004
133.690002
132.419998
130.970001
130.380005
132.089996
132.199997
133.479996
134.410004
134.179993
133.110001
133.509995
135.419998
135.380005
135.199997
138.070007
139.110001
136.5
134.789993
135.369995
135.410004
136.050003
136.179993
134.699997
133.809998
134.199997
135.110001
135.320007
135.050003
134.660004
135.020004
137.220001
137.710007
137.029999
138.720001
138
134.75
134.369995
133.830002
133.580002
134.119995
134.910004
135.460007
134.050003
132.690002
133.429993
133.720001
131.199997
131.029999
130.360001
130.100006
131.160004
127.93
130.279999
129.869995
130.800003
130.449997
132.199997
131.660004
131.679993
133.139999
133.070007
132.850006
132.320007
132.949997
133.970001
134.100006
135.039993
135.410004
136.289993
137.509995
136.479996
137.380005
137.660004
140.029999
139.919998
138.089996
139.350006
139.720001
139.360001
139.410004
137.770004
138.220001
138.860001
136.270004
136.240005
136.970001
138.369995
139.139999
139.050003
140.339996
139.220001
139.259995
138.539993
138.210007
138.669998
139.860001
139.199997
139.839996
142.050003
142.380005
142.509995
143.660004
142.639999
141.610001
141.899994
143.809998
145.050003
145.929993
145.929993
146.5
146.740005
146.869995
146.380005
149.199997
149.820007
152.369995
150.410004
149.880005
147.729996
143.470001
145.300003
147.380005
147.899994
146.539993
146.589996
145.630005
145.369995
144.740005
145.600006
145.649994
147.490005
147.830002
148.589996
148.580002
148.220001
149.699997
149.639999
149.910004
149.5
150.220001
150.479996
150.419998
149.809998
150.559998
149.240005
147.770004
148.669998
149.119995
148.970001
149.940002
150.029999
150.759995
150.990005
148.339996
146.259995
145.729996
146.240005
147.179993
146
144.929993
147.630005
148.910004
149.149994
150.25
151.589996
152.770004
154.139999
154.539993
155.199997
156.570007
154.660004
156.020004
154.830002
156.119995
157.339996
157.770004
157.190002
157.320007
158.289993
157.720001
161.520004
161.490005
160.639999
161.75
167.119995
168.610001
174.580002
170.75
169.970001
171.800003
173.919998
174.419998
177.720001
179.949997
184.589996
177.669998
171.649994
172.360001
177.470001
173.889999
179.100006
177.720001
177.869995
183.240005
182.899994
177.080002
181.809998
180.699997
176.669998
178.539993
177.210007
174.399994
176.029999
173.309998
175.779999
173.589996
169.050003
159.800003
157.580002
160.630005
156.220001
157.699997
158.059998
160.960007
157.639999
159.460007
160.490005
159.179993
163.270004
162.100006
163.259995
162.300003
163.399994
162.619995
161.839996
159.869995
157.770004
159.520004
161.020004
165.589996
167.399994
169.550003
169.619995
167.339996
167.380005
169.059998
171.720001
170.850006
174.979996
173.529999
172.070007
171.139999
173.960007
173.199997
173.360001
171.509995
167.100006
167.619995
163.5
165.309998
164.830002
163.399994
166.630005
166.880005
170.130005
169.630005
169.820007
167.320007
168.179993
169.399994
165.979996
166.399994
161.990005
158.449997
152.889999
152.330002
155.229996
154.869995
156.979996
157.160004
156.039993
156.309998
154.910004
151.029999
150.339996
151.990005
155.919998
156.710007
157.779999
157.199997
156.5
158.639999
159.669998
160.380005
159.259995
160.5
161.600006
161.220001
162.070007
163.160004
162.009995
166.419998
167.270004
168.970001
168.029999
169.309998
169.559998
171.050003
167.639999
167.179993
169.699997
168.5
168.020004
167.139999
167.509995
167.119995
168.110001
168
167.350006
171.020004
172.940002
173.020004
172.229996
171.699997
173.490005
164.289993
166.610001
166.339996
165.649994
162.699997
163.630005
165.279999
166.380005
165.070007
162.300003
159.570007
161.080002
161.300003
161.589996
160.130005
160.210007
159.570007
161.529999
164.399994
163.240005
161.509995
161.279999
162.119995
162.940002
159.889999
157.210007
158.309998
159.369995
161.100006
161.070007
162.699997
160.850006
160.460007
160.25
159.309998
159.429993
159.539993
159.070007
159.300003
159.619995
161.029999
161.380005
161.880005
161.320007
160.589996
158.970001
159.470001
159.080002
156
154.470001
154.770004
153.559998
151.330002
149.740005
149.460007
152.800003
154.550003
154.649994
152.080002
151.619995
151.410004
152.679993
151.020004
151.910004
151.619995
157.5
157.320007
157.139999
157.210007
154.5
154.729996
155.360001
156.460007
157.119995
157.75
157.839996
157.929993
157.160004
155.970001
152.020004
152.639999
153.759995
152.619995
152.830002
151.050003
155.190002
155.089996
157.460007
155.679993
153.710007
154.039993
152.149994
152.990005
152.589996
154.139999
154.210007
153.470001
153.050003
153.380005
153.669998
153.029999
153.520004
155.669998
156.770004
157.539993
157.429993
156.490005
155.139999
154.130005
155.550003
156.300003
156.279999
156.479996
156.990005
157.179993
155.990005
155.130005
155.630005
156.559998
156.720001
157.259995
158.830002
160.539993
161.889999
161.970001
161.360001
161.639999
160.589996
160.520004
164.220001
164.479996
164.309998
164.889999
168.440002
167.289993
167.899994
167.919998
171.309998
171.800003
170.399994
171.720001
171.740005
171.470001
171.960007
171.050003
170.770004
169.809998
172.339996
171.889999
172.289993
172.100006
172.410004
173.610001
172.619995
172.050003
170.990005
170.839996
171.320007
170.059998
168.350006
169.419998
169.539993
168.789993
166.970001
167.580002
165.429993
164.860001
166.020004
165.929993
166.830002
166.070007
162.600006
163.229996
166.300003
166.490005
167.990005
167.820007
167.449997
167.100006
167.139999
166.089996
165.880005
167.869995
167.389999
167.559998
169.610001
169.429993
168.710007
166.550003
167.179993
166.050003
166.130005
164.419998
164.119995
164.5
165.160004
165.800003
165.649994
165.770004
164.369995
164.130005
164.440002
162.080002
161.690002
159.729996
160.330002
160.619995
160.779999
161.160004
160.539993
162.020004
163.169998
161.199997
160.440002
159.429993
160.559998
160.490005
161.979996
161.059998
161.539993
162.559998
162.649994
163.350006
163.089996
163.669998
163.210007
161.419998
160.649994
160.289993
160.990005
162.190002
161.199997
161.449997
162
161.960007
162.389999
161.839996
161.570007
159.699997
159.889999
159.050003
158.350006
155.759995
155.330002
151.440002
152.619995
152.970001
154.339996
156.220001
154.570007
153
152.440002
152.300003
152.380005
153.229996
152.690002
152.710007
152.990005
154.190002
153.660004
153.679993
154
155.380005
156.080002
155.369995
156.25
155.550003
155.240005
154.720001
155.360001
154.449997
154.669998
152.429993
150.729996
150.289993
152.809998
152.160004
153.339996
150.75
151.050003
143.949997
131.309998
132.800003
132.869995
134.300003
135.470001
137.899994
136.880005
138.369995
141.630005
140.910004
142.300003
142.770004
141.110001
141.919998
142.089996
142.149994
140.380005
142.460007
140.809998
139.600006
138.429993
137.809998
134.630005
134.089996
131.070007
135.119995
132.880005
131.940002
134.610001
133.759995
133.490005
134.830002
136.699997
133.919998
136.509995
135.229996
135.520004
136.529999
133.279999
133.940002
133.25
134.25
133.740005
134.429993
133.770004
132.130005
130.589996
123.599998
125.050003
123.93
123.470001
118.279999
115.940002
119.110001
121.129997
120.050003
120.739998
118.089996
119.510002
120.620003
120.949997
124.239998
124.129997
124.18
124.889999
123.32
124.010002
125.110001
128.839996
129.710007
127.480003
128.669998
128.779999
128.470001
128.119995
127.959999
126.610001
126.360001
125.699997
123.970001
124.150002
126.860001
126.860001
129.130005
127.739998
129
131.690002
132.580002
132.009995
132.449997
132.070007
132.809998
134.899994
135.449997
136.75
136.710007
135.869995
134.619995
136.419998
134.660004
132.199997
134.149994
133.910004
131.740005
131.699997
127.669998
127.82
126.449997
126.5
132.009995
131.75
127.959999
127.550003
127.660004
128.789993
127.790001
128.970001
128.179993
124.589996
127.059998
127.18
126.529999
127.639999
127.400002
126.110001
124.269997
122.599998
122.830002
123.730003
123.540001
127.419998
126.849998
126.980003
129.339996
128.690002
129.899994
130.460007
130.559998
129.770004
129.600006
127.739998
126.949997
126.809998
126.559998
127.199997
126.160004
124.279999
123.870003
122.449997
122.849998
124.269997
124.32
122.900002
122.949997
120.120003
119.940002
119.919998
120.459999
119.82
119.459999
120.699997
117.580002
117.959999
119.959999
118.300003
118.550003
119.720001
121.82
120.860001
118.290001
119.379997
119.690002
118.650002
117.610001
114.82
115.940002
115.57
116.099998
116.739998
117.120003
115.389999
116.120003
118
119.290001
119.5
118.82
118.120003
118.459999
120.260002
121.019997
119.889999
119.660004
119.790001
120.93
119.699997
119.190002
121.790001
122.290001
120.959999
120.949997
122.470001
119.769997
120.089996
121.32
120.989998
121.290001
121.239998
122.169998
122.919998
124.360001
124.43
125.489998
127.150002
127.400002
126.269997
127.599998
127.580002
128.990005
129.210007
128.110001
128.199997
127.620003
130.289993
128.679993
128.889999
130.169998
129.089996
129.130005
129.860001
131.759995
132.210007
133.100006
131.639999
130.619995
128.089996
127.860001
128.470001
126.18
126.410004
125.410004
124.589996
124.559998
123.610001
123.389999
124.32
123.919998
125.57
124.910004
126.089996
126.32
127.010002
126.93
127.849998
125.489998
125.540001
124.75
124.239998
123.779999
123.760002
124.559998
125.43
124.879997
124.860001
124.220001
123.800003
125.059998
126.220001
125.980003
124.169998
124.169998
124.099998
124.940002
124.599998
125.809998
124.769997
124.5
124.580002
124.690002
124.389999
124.669998
124.510002
121.849998
121.199997
120.940002
120.43
119.699997
120.010002
119.760002
120.660004
120.610001
120.650002
121.389999
121.410004
122.639999
122.959999
122.419998
122.279999
122.669998
126.940002
126.5
126.849998
126.980003
126.989998
126.730003
126.660004
128.039993
127.699997
127.699997
127.160004
127.019997
127.07
127.839996
128.539993
128.779999
125.720001
124.529999
124.970001
127.089996
126.129997
126.339996
125.739998
125.620003
124.349998
125.790001
125.580002
125.199997
124.830002
123.389999
124.379997
123.989998
123.870003
125.669998
126.18
126.190002
125.959999
125.989998
126.199997
126.309998
125.480003
124.959999
124.68
124.220001
122.879997
123.190002
122.739998
123.349998
123.32
124
123.860001
121.650002
122.150002
121.480003
122.059998
120.730003
120.870003
120.260002
119.470001
118.379997
118.639999
118.830002
117.540001
117.779999
117.089996
116.849998
117.599998
117.050003
117.389999
117.059998
117.029999
116.209999
116.769997
116.739998
114.610001
116.029999
116.360001
117.470001
117.639999
117.589996
118.519997
118.589996
118.989998
119.220001
118.989998
119.800003
120.019997
119.339996
118.519997
118.349998
118.059998
118.099998
116.410004
115.190002
112.660004
112.150002
112.220001
109.790001
109.879997
112.970001
110.459999
112.040001
111.5
111.669998
114.470001
114.050003
115.050003
113.68
114.860001
115.389999
115.110001
115.379997
115.160004
112.110001
116.580002
115.139999
116.330002
115.879997
114.43
115.779999
118.190002
117.959999
117.690002
117.410004
114.389999
114.949997
114.269997
115.150002
114.769997
112.550003
112.739998
112.769997
114.830002
113.669998
115.199997
113.580002
114.080002
115.800003
117.120003
116.43
115.940002
117.260002
118.559998
118.160004
117.970001
120.940002
122.519997
124.199997
124.230003
125.230003
124.230003
122.989998
124.400002
123.419998
120.760002
123.449997
122.419998
121.050003
121.580002
121.790001
118.639999
119.169998
118.470001
117.07
117.339996
117.980003
116.010002
116.339996
115.940002
115.279999
115.43
115.260002
115.699997
116.07
116.160004
115.68
115.470001
115.110001
115
111.860001
111.970001
111.419998
110.75
110.720001
110.879997
110.809998
110.209999
112.370003
112.290001
113.57
114.290001
114.57
114.730003
115.480003
115.059998
113.75
113.660004
115.599998
115.279999
116.690002
116.110001
115.470001
114.669998
115.970001
115.139999
114.440002
115.43
115.029999
115.599998
114.720001
115.379997
113.830002
114.660004
113.050003
115.330002
116.330002
115.510002
113.470001
113.080002
114.099998
114.419998
114.360001
113.419998
113.970001
113.529999
114.5
116.550003
117.18
117.529999
117.519997
115.889999
116.080002
115.690002
115.599998
113.910004
113.889999
114.019997
114.099998
114
114.459999
113.639999
112.839996
112.239998
112.57
112.82
113.779999
113.260002
113.230003
113.730003
113.32
113.849998
115.32
115.120003
113.639999
112.889999
112.589996
112.440002
112.559998
113.07
112.370003
111.980003
111.760002
112.059998
110.760002
111.089996
111.360001
111.489998
110.989998
110.739998
110.160004
109.760002
108.650002
105.699997
105.370003
104.800003
104.330002
105.349998
104.860001
105.019997
105.169998
104.269997
104.93
104.099998
104.309998
103.93
104.389999
104.650002
105.720001
106.260002
107.75
106.860001
106.849998
107.129997
107.110001
108.550003
110.440002
111.129997
110.529999
109.160004
107.669998
107.730003
108.699997
108.82
109.199997
108.620003
107.839996
107.489998
107.519997
106.129997
106.379997
106.160004
106.220001
105.900002
107.309998
108.410004
109.209999
108.529999
107.790001
108.220001
110.489998
109.809998
108.419998
107.980003
106.860001
106.730003
108.989998
108.769997
109.860001
109.699997
109.139999
110.870003
111.309998
111.860001
113.809998
113.290001
112.489998
112.019997
112.730003
111.730003
111.690002
111.5
111.43
111.68
110.75
109.720001
109.300003
108.589996
106.980003
105.970001
105.639999
104.099998
104.400002
104.18
103.830002
103.849998
103.559998
103.709999
102.339996
102.43
103.559998
103.089996
102.260002
102.940002
102.459999
101.25
101.919998
102.279999
100.690002
101.760002
104.019997
102.669998
102.839996
102.639999
102.550003
103.110001
101.790001
101.519997
102.75
100.5
102.040001
103.150002
102.610001
102.309998
103.050003
102.269997
102.199997
101.419998
101.459999
102.889999
103.18
104.669998
106.150002
105.68
104.739998
104.209999
104.720001
103.019997
104.080002
103.980003
105.370003
105.489998
105
106.080002
107.290001
107.690002
106.540001
106.949997
108.050003
108.089996
109.25
110.57
112.32
113.830002
113.580002
114.459999
119.059998
118.360001
114.769997
115.480003
118.290001
117.580002
115.489998
117.220001
117.610001
117.919998
117.110001
118.639999
117.769997
118.68
120.730003
120.540001
121.139999
120.580002
119.580002
121.5
119.410004
117.870003
117.959999
120.589996
120.129997
119.800003
118.959999
119.309998
116.610001
116.330002
116.599998
118.760002
117.099998
117.639999
116.93
116.150002
117.660004
116.940002
118.610001
118.43
120.029999
120.050003
118.769997
117.110001
117.919998
117.739998
119.580002
118.970001
119.419998
117.889999
118.230003
118.699997
119.040001
121.290001
123.650002
123.239998
122.959999
122.209999
122.07
123.18
120.650002
120.980003
122.120003
121.160004
121.709999
121.800003
122.220001
120.099998
119.870003
119.709999
119.370003
117.300003
116.980003
116.580002
115.620003
116.059998
115.940002
115.669998
118.879997
118.919998
118.82
120.580002
121.25
121.739998
122.639999
122.769997
123.68
122.379997
123.949997
123.209999
120.839996
120.900002
120.110001
126
126.68
125.32
125.839996
126.470001
128.410004
129.470001
130.229996
129.740005
130.520004
129.289993
127.150002
128.320007
127.330002
126.839996
127.040001
127.209999
125.389999
127.300003
126.349998
125.470001
126
128.029999
127.660004
128.979996
129.220001
130.270004
129.649994
129.869995
127.550003
127.440002
127.959999
128.559998
127.669998
127.400002
127.839996
128.470001
128.5
129.110001
127.970001
127.779999
127.760002
126.339996
126.230003
126.050003
126.300003
125.029999
124.779999
125.290001
126.57
128.710007
128.270004
127.589996
126.75
126.589996
125.75
126.18
125.370003
125.059998
125.32
125.440002
127.269997
127.57
127.650002
127.550003
126.620003
126.220001
126.07
125.639999
125.32
120.970001
120.779999
119.660004
119.739998
120.160004
119.550003
119.739998
120.029999
119.360001
119.68
120.419998
121.110001
120.739998
120.830002
120.559998
121.470001
120.790001
121.010002
121.580002
121.940002
122.730003
123.639999
124.300003
124.389999
122.150002
121.639999
121.559998
119.75
117.099998
116.110001
117.120003
116.769997
116.169998
115.150002
115.580002
115.540001
113.25
112.610001
113.800003
113.269997
111.75
111.540001
112.139999
111.540001
111.43
111.830002
111.57
110.400002
110.82
110.449997
108.830002
107.339996
108.050003
108.589996
107.790001
107.849998
107.589996
107.93
108.559998
108.860001
110.290001
109.610001
110.470001
110.860001
112.580002
111.75
112.669998
113.150002
113.5
113.910004
114.209999
115.849998
114.870003
114.769997
115.050003
115.790001
115.269997
114.32
113.260002
113.489998
113.970001
115.550003
115.199997
115.839996
116.129997
117.699997
117.459999
118.190002
117.290001
117.599998
116.800003
116.93
117.449997
118.080002
117.68
117.75
117.910004
118.940002
119.699997
119.120003
119.230003
119.059998
117.580002
117.510002
116.720001
115.779999
115.059998
114.470001
114.720001
114.739998
114.120003
116.25
116.730003
116.989998
117.510002
118.540001
118.830002
118.669998
118.860001
119.529999
119.040001
119.330002
118.470001
118.720001
119.349998
119.620003
119.620003
119.18
119.459999
119.459999
121.190002
122.019997
122.599998
122.239998
122.82
121.730003
121.959999
122.309998
121.480003
120.25
120.839996
120.389999
120.769997
119.669998
119.650002
117.980003
116.790001
117.010002
116.75
116.050003
116.040001
116.5
116.830002
117.139999
117.650002
119.790001
118.809998
119.400002
119.900002
119.139999
119.610001
119.480003
120.540001
120.139999
120.620003
120.720001
121.610001
121.730003
123.099998
122.449997
121.650002
120.540001
120.360001
120.480003
119.82
119.32
119.339996
118.43
118.18
118.519997
118.919998
119.43
118.360001
118.809998
118.900002
118.32
118.019997
116.089996
116.519997
116.470001
115.279999
115.470001
115.620003
116.029999
115.82
116.769997
117.290001
118.110001
118.080002
118.239998
119.260002
119.309998
118.919998
119.879997
119.790001
120.690002
120.75
120.650002
120.400002
120.589996
119.650002
119.510002
119.860001
121.309998
122.209999
122.790001
121.919998
120.980003
121.870003
122.489998
122.300003
122.760002
122.209999
122.669998
122.290001
122.739998
124.690002
124.419998
124.360001
125.82
126.059998
127.459999
126.809998
128.130005
127.970001
126.190002
126.559998
125.610001
126.160004
125.529999
124.360001
124.620003
123.620003
122.68
123.239998
124.529999
123.139999
121.980003
122.209999
121.580002
120.769997
120.830002
121.169998
120.519997
121.089996
122.080002
122.400002
122.790001
122.889999
123.82
122.970001
122.129997
121.669998
122.389999
121.610001
121.800003
121.330002
121.349998
120.330002
120.900002
121.129997
120.669998
121.110001
121.190002
120.620003
121.650002
121.209999
121.629997
122.129997
121.129997
121.309998
121.559998
121.410004
121.400002
122.860001
121.309998
121.510002
122.629997
122.32
122.830002
122.809998
122.040001
121.099998
121.589996
121.18
120.32
120.07
118.489998
118.480003
118.010002
118.150002
119.169998
118.93
119.18
119.730003
119.82
120.139999
120.309998
120.940002
121.769997
122.230003
122.849998
123.650002
125.150002
124.82
125.459999
125.330002
125.309998
124.730003
125.029999
125.440002
126.959999
127.169998
126.139999
125.860001
126.419998
126.650002
127.279999
128.830002
127.970001
128.070007
127.349998
126.800003
127.650002
128.070007
126.389999
126.709999
125.379997
124.790001
124.980003
124.769997
125.370003
126.080002
128.229996
128.380005
127.959999
126.239998
125.660004
126.300003
126.139999
126.449997
125.129997
125
124.720001
125.389999
125.18
126.529999
125.720001
125.419998
125.540001
125.540001
125.779999
125.699997
124.900002
124.599998
124.870003
124.309998
126.480003
125.980003
127.610001
128.279999
127.489998
125.730003
125.790001
127.260002
126.300003
126.449997
125.800003
126.389999
126.82
127.120003
128.110001
126.620003
127.449997
127.629997
127.75
127.849998
127.599998
126.629997
125.620003
126.230003
125.410004
124.970001
125.5
124.589996
123.709999
123.650002
124.279999
124.540001
124.57
124.589996
124.330002
125.18
125
124.489998
122.480003
122.290001
122.360001
122.410004
122.480003
122.410004
122.540001
123.589996
123.209999
123.190002
123.370003
123.099998
122.489998
122.370003
122.849998
122.919998
122.860001
123.010002
123.230003
122.82
123.190002
123.379997
121.339996
121.110001
120.800003
120.260002
120.050003
120.339996
119.889999
119.260002
118.580002
118.220001
118.650002
117.459999
118.650002
119.050003
118.860001
119.150002
118.93
117.639999
118.129997
117.610001
117.550003
116.279999
116.309998
115.809998
116.559998
116
116.040001
116.68
115.769997
115.830002
115.650002
115.989998
115.139999
114.519997
114.919998
114.330002
114.589996
114.910004
114.739998
114.690002
112.959999
113.07
111.190002
111.099998
112.129997
112.690002
113.019997
113.269997
112.199997
114.160004
114.589996
113.68
114.199997
113.639999
113.510002
112.93
113.32
113.540001
113.230003
113.150002
113.220001
114.169998
113.760002
113.019997
113.610001
113.440002
113.879997
114.269997
113.489998
113.470001
113.650002
113.050003
112.050003
112.760002
112.57
113.870003
113.419998
113.480003
113.800003
112.540001
112.599998
112.879997
115.779999
115.230003
116
115.800003
115.790001
115.919998
116.010002
115.709999
116.389999
116.660004
116.400002
116.769997
116.309998
115.800003
115.150002
116.629997
116.650002
116.370003
116.040001
116.029999
115.779999
114.480003
113.660004
113.699997
114.639999
114.769997
115.620003
115.669998
115.669998
115.860001
115.769997
115.639999
114.949997
115.379997
115.739998
115.540001
116.410004
117.120003
117.139999
118.089996
117.68
117.540001
117.790001
117.529999
117.059998
117.870003
118.150002
117.43
119.239998
118.720001
120.019997
119.660004
120.57
121.059998
121.25
121.330002
122.43
121.440002
121.860001
121.529999
122.309998
121.589996
121.800003
122.089996
121.879997
122.269997
122.110001
121.019997
121.449997
121.279999
121.089996
122.860001
123.290001
123.980003
124.690002
124.75
124.5
123.959999
124.279999
123.440002
123.739998
124.209999
123.599998
123.860001
123.370003
124.059998
124.800003
126.699997
126.480003
125.050003
125.5
125.370003
125.580002
124.690002
123.989998
121.879997